0 Top - 5 Lft: (0,50), (0,99) - (150,0), (199,0)
0 Lft - 3 Lft: (0,50), (49,50) - (149,0), (100,0)
1 Top - 5 Bot: (0,100), (0,149) - (199,0), (199,49)
1 Rgt - 4 Rgt: (0,149), (49,149) - (149,99), (149,50)
1 Bot - 2 Rgt: (49,100), (49,149) - (50,99), (99,99)
2 Lft - 3 Top: (50,50), (99,50) - (100,0), (100,49)
4 Bot - 5 Rgt: (149,50), (149,99) - (150,49), (199,49)

((Top, (0,50), (0,99)     ), (Lft, (150,0), (199,0)  ))
((Lft, (0,50), (49,50)    ), (Lft, (149,0), (100,0)  ))
((Top, (0,100), (0,149)   ), (Bot, (199,0), (199,49) ))
((Rgt, (0,149), (49,149)  ), (Rgt, (149,99), (100,99)))
((Bot, (49,100), (49,149) ), (Rgt, (50,99), (99,99)  ))
((Lft, (50,50), (99,50)   ), (Top, (100,0), (100,49) ))
((Bot, (149,50), (149,99) ), (Rgt, (150,49), (199,49)))
